0.0
0.52244896
1.0681179
1.6253968
2.1826756
2.7515645
3.3436735
3.9357822
4.527891
5.10839
5.677279
6.2461677
6.8266664
7.3955555
7.976054
8.544943
9.137052
9.717551
10.30966
10.878549
11.447437
12.027936
12.608435
13.200544
13.792653
14.373152
14.95365
15.534149
16.114649
16.706757
17.287256
17.856144
18.436644
19.017143
19.586031
20.15492
20.723808
21.304308
21.896418
22.476915
23.057415
23.626303
24.218412
24.798912
25.37941
25.9483
26.517187
27.097687
27.678185
28.247074
28.827574
29.396461
29.988571
30.569069
31.149569
31.730068
32.322178
32.914284
33.494785
34.075283
34.644173
35.213062
35.79356
36.374058
36.966167
37.535057
38.115555
38.696053
39.264942
39.85705
40.44916
41.02966
41.610157
42.179047
42.759544
43.340046
43.90893
44.47782
45.058323
45.62721
46.20771
46.799816
47.403538
47.984035
48.552925
49.133423
49.71392
50.28281
50.863308
51.44381
52.03592
52.616417
53.208527
53.789024
54.369522
54.93841
55.5073
56.07619
56.65669
57.22558
57.794468
58.374966
58.943855
59.53596
60.116463
60.68535
61.25424
61.81152
62.415237

