0.0
0.6037188
1.2190475
1.8575964
2.519365
3.2043536
3.8777323
4.551111
5.2360997
5.921088
6.594467
7.2678456
7.952834
8.637823
9.334421
10.0078
10.681179
11.377777
12.051156
12.724535
13.386304
14.059682
14.733061
15.41805
16.091429
16.788027
17.449795
18.123175
18.808163
19.50476
20.17814
20.851519
21.536507
22.221497
22.894875
23.591473
24.288073
24.98467
25.681269
26.354649
27.039637
27.724625
28.398005
29.094603
29.7912
30.51102
31.184399
31.880997
32.600815
33.297413
33.959183
34.63256
35.31755
35.99093
36.664307
37.337685
37.987846
38.661224
39.322994
39.98476
40.65814
41.35474
42.039726
42.724716
43.409706
44.094692
44.779682
45.464672
46.13805
46.823036
47.508026
48.181404
48.854782
49.551384
50.247982
50.93297
51.60635
52.291336
52.964714
53.661316
54.334694
55.031292
55.72789
56.424488
57.121086
57.817684
58.491066
59.176052
