0.0
0.6849887
1.3699774
2.0781858
2.7747846
3.4365532
4.098322
4.760091
5.410249
6.060408
6.7221766
7.3839455
8.034104
8.684263
9.334421
9.98458
10.634739
11.296508
11.946667
12.608435
13.258594
13.920362
14.582131
15.26712
15.940498
16.602268
17.252426
17.902584
18.564354
19.226122
19.88789
20.54966
21.199818
21.873198
22.523355
23.173513
23.823673
24.497051
25.158821
25.82059
26.493967
27.155737
27.817505
28.490885
29.141043
29.80281
30.45297
31.114738
31.788116
32.449886
33.111656
33.785034
34.458412
35.13179
35.81678
36.524986
37.22159
37.906574
38.568344
39.241722
39.89188
40.56526
41.21542
41.877186
42.538956
43.189114
43.850883
44.512653
45.16281
45.82458
46.47474
47.13651
47.786667
48.448433
49.110203
49.76036
50.410522
51.07229
51.73406
52.384216
53.034374
53.696144
54.357914
55.031292
55.68145
56.34322
57.004986
57.666756
58.316914
58.978683
59.640453
