0.0
0.5804989
1.1726077
1.7995465
2.3800454
2.960544
3.529433
4.086712
4.6672106
5.2360997
5.7933784
6.3622675
6.931156
7.5000453
8.068934
8.637823
9.195102
9.76399
10.32127
10.878549
11.447437
12.016326
12.585216
13.142494
13.711383
14.280272
14.837551
15.39483
15.975328
16.544218
17.113106
17.681995
18.239275
18.808163
19.377052
19.93433
20.50322
21.07211
21.640997
22.209887
22.767164
23.336054
23.904943
24.462221
25.04272
25.61161
26.180498
26.749388
27.306665
27.875555
28.432835
28.990112
29.559002
30.127892
30.69678
31.254059
31.822947
32.391834
32.949116
33.506393
34.075283
34.65578
35.22467
35.79356
36.350838
36.919727
37.488617
38.045895
38.614784
39.183674
39.752563
40.32145
40.87873
41.447617
42.016506
42.573788
43.142673
43.723175
44.29206
44.86095
45.418232
45.987118
46.556007
47.11329
47.682175
48.239456
48.808342
49.365623
49.934513
50.49179
51.06068
51.62957
52.198456
52.767345
53.336235
53.916733
