0.0
0.499229
1.010068
1.532517
2.020136
2.507755
2.9837642
3.459773
3.9357822
4.4117913
4.87619
5.3638096
5.8282084
6.3158274
6.7802267
7.2678456
7.7438545
8.219864
8.684263
9.171882
9.636281
10.1239
10.599909
11.075918
11.540318
12.027936
12.503945
12.979955
13.444353
13.9319725
14.407982
14.88399
15.34839
15.836009
16.300407
16.788027
17.252426
17.740046
18.204445
18.692062
19.156462
19.644081
20.12009
20.5961
21.07211
21.548117
22.035736
22.500135
22.964535
23.452154
23.916553
24.404171
24.86857
25.35619
25.84381
26.308208
26.784218
27.260227
27.747845
28.212244
28.688253
29.164263
29.628662
30.116282
30.603899
31.068298
31.555918
32.020317
32.507935
32.972336
33.459953
33.924355
34.388752
34.87637
35.36399
35.82839
36.31601
36.780407
37.26803
37.732426
38.208435
38.684444
39.172062
39.636463
40.12408
40.588478
41.0761
41.540497
42.004898
42.492516
42.980137
43.456142
43.93215
44.396553
44.88417
45.37179
45.83619
46.30059
46.788208
47.264217
47.740227
48.204624
48.692245
49.168255
