0.0
0.5572789
1.0913378
1.6253968
2.1594558
2.7051246
3.2275736
3.7616327
4.2956915
4.8297505
5.3638096
5.897868
6.431927
6.9659863
7.5000453
8.034104
8.568163
9.102222
9.636281
10.18195
10.727619
11.284898
11.830566
12.364626
12.8986845
13.444353
13.978413
14.512471
15.046531
15.580589
16.114649
16.648706
17.182766
17.740046
18.274103
18.808163
19.377052
19.92272
20.45678
21.002449
21.524897
22.058956
22.593016
23.127075
23.661133
24.195192
24.729252
25.26331
25.797369
26.331429
26.877096
27.422766
27.956825
28.490885
29.001722
29.512562
30.046621
30.580679
31.114738
31.648798
32.182858
32.716915
33.250973
33.796642
34.330704
34.87637
35.41043
35.94449
36.47855
37.012608
37.546665
38.092335
38.638004
39.172062
39.706123
40.2634
40.79746
41.34313
41.888798
42.422855
42.945305
43.467754
44.001812
44.535873
45.081543
45.60399
46.13805
46.68372
47.229385
47.763447
