0.0
0.5688889
1.1377778
1.6950567
2.2175057
2.7167346
3.2159636
3.7151928
4.2028117
4.6904306
5.1780496
5.677279
6.164898
6.664127
7.151746
7.6393647
8.138594
8.637823
9.125442
9.613061
10.11229
10.599909
11.087528
11.586757
12.074376
12.5619955
13.061224
13.548843
14.036463
14.535691
15.023311
15.522539
16.010159
16.497778
16.985397
17.484625
17.972244
18.471474
18.959093
19.446712
19.94594
20.43356
20.921179
21.420408
21.908028
22.407255
22.894875
23.382494
23.881723
24.369343
24.85696
25.35619
25.84381
26.343039
26.830658
27.318275
27.805895
28.305124
28.792744
29.291973
29.77959
30.26721
30.76644
31.254059
31.741678
32.240906
32.728527
33.227753
33.715374
34.20299
34.690613
35.189842
35.67746
36.17669
36.664307
37.151928
37.651157
38.138775
38.626392
39.12562
39.613243
40.112473
40.60009
41.087708
41.586937
42.07456
42.562176
43.061405
43.549023
44.048252
44.535873
45.02349
45.51111
46.010338
46.49796
46.99719
47.496418
47.984035
48.471653
48.959274
49.458504
49.94612
50.44535
50.93297
51.432198
51.91982
52.407436
52.895054
53.394283
53.881905
54.369522
54.857143
