1.088435
1.697959
2.321995
2.887982
3.468481
4.063492
4.600454
5.209977
5.790476
6.4
6.980499
7.560998
8.156009
8.75102
9.317007
9.897506
10.492517
11.087528
11.68254
12.263039
12.85805
13.453061
14.03356
14.599546
15.20907
15.818594
16.38458
16.979592
17.589116
18.184127
18.750113
19.359637
19.911111
20.506122
21.072109
21.66712
22.262132
22.871655
23.452154
24.018141
24.656689
25.237188
25.803175
26.369161
26.978685
27.559184
28.110658
28.720181
29.329705
29.910204
30.519728
31.085714
31.680726
32.261224
32.856236
33.451247
34.031746
34.612245
35.178231
35.802268
36.382766
36.948753
37.529252
38.138776
38.748299
39.357823
39.909297
40.489796
41.070295
41.650794
42.260317
42.884354
43.45034
44.030839
44.62585
45.220862
45.801361
46.367347
46.976871
47.571882
48.166893
48.73288
49.313379
49.90839
50.488889
51.098413
51.678912
52.25941
52.839909
53.449433
54.000907
54.610431
55.205442
55.800454
56.36644
56.961451
57.556463
58.136961
