0.0
0.5688889
1.1377778
1.7298865
2.3219955
2.9141042
3.4946032
4.086712
4.6788206
5.27093
5.8514285
6.443537
7.047256
7.662585
8.301134
8.904853
9.496962
10.08907
10.681179
11.273288
11.853786
12.445895
13.038004
13.630114
14.210612
14.802721
15.38322
15.975328
16.567438
17.159546
17.740046
18.332153
18.924263
19.51637
20.09687
20.68898
21.269478
21.861588
22.442085
23.034195
23.626303
24.218412
24.798912
25.39102
25.98313
26.575237
27.155737
27.747845
28.328344
28.908842
29.500952
30.081451
30.67356
31.265669
31.857777
32.449886
33.030384
33.622494
34.214603
34.7951
35.38721
35.97932
36.571426
37.151928
37.744034
38.336143
38.916645
39.50875
40.089252
40.68136
41.273468
41.865578
42.446075
43.038185
43.618683
44.210793
44.802902
45.39501
45.97551
46.56762
47.148117
47.740227
48.332336
48.924442
49.504944
50.09705
50.67755
51.269657
51.861767
52.453876
53.034374
53.626484
54.20698
54.79909
55.3912
55.98331
