0.0
0.5688889
1.1377778
1.7066666
2.2755556
2.8328345
3.3901134
3.9473922
4.493061
5.05034
5.619229
6.176508
6.7337866
7.2910657
7.8483443
8.405623
8.962902
9.520182
10.07746
10.623129
11.168798
11.714467
12.283356
12.829024
13.374694
13.9319725
14.489251
15.034921
15.592199
16.149479
16.718367
17.287256
17.832924
18.390203
18.947483
19.50476
20.06204
20.61932
21.176598
21.733877
22.291157
22.848434
23.405714
23.962994
24.508661
25.06594
25.623219
26.168888
26.726168
27.283445
27.840725
28.398005
28.955282
29.512562
30.058231
30.603899
31.161179
31.718458
32.275738
32.821404
33.378685
33.947575
34.504852
35.05052
35.59619
36.165077
36.733967
37.29125
37.848526
38.394196
38.939865
39.48553
40.0312
40.588478
41.157368
41.703037
42.260315
42.829205
43.398094
43.95537
44.512653
45.058323
45.6156
46.16127
46.718548
47.275826
47.833107
48.390385
48.947662
49.504944
50.07383
50.6195
51.16517
51.73406
52.291336
52.848618
53.394283
53.951565
54.520454
55.077732
55.63501
56.192287
56.74957
57.283627
57.840904
58.398186
58.955463
59.51274
