0.0
0.510839
1.0448979
1.5557369
2.066576
2.577415
3.088254
3.575873
4.063492
4.574331
5.06195
5.561179
6.060408
6.559637
7.058866
7.569705
8.057324
8.556553
9.055782
9.566621
10.05424
10.565079
11.064308
11.551928
12.051156
12.5619955
13.061224
13.560453
14.071292
14.558911
15.058141
15.568979
16.068209
16.567438
17.066666
17.577505
18.065125
18.564354
19.063581
19.56281
20.06204
20.57288
21.0605
21.548117
22.058956
22.569796
23.057415
23.556644
24.055872
24.566711
25.05433
25.55356
26.064398
26.563627
27.062857
27.550476
28.049706
28.560543
29.071383
29.570612
30.069841
30.557459
31.068298
31.579138
32.066757
32.577595
33.065216
33.576054
34.06367
34.551292
35.06213
35.56136
36.06059
36.571426
37.059048
37.569885
38.069115
38.568344
39.067574
39.566803
40.07764
40.56526
41.0761
41.563717
42.062946
42.562176
43.073013
43.572243
44.071472
44.582314
45.06993
45.55755
46.06839
46.579227
47.06685
47.554466
48.065304
48.576145
49.063763
49.551384
50.06222
50.57306
51.06068
51.548298
52.03592
