0.0
0.7546485
1.520907
2.2639456
2.9953742
3.7268026
4.458231
5.1896596
5.909478
6.640907
7.3607254
8.0921545
8.823583
9.555011
10.27483
11.006258
11.737687
12.469115
13.188934
13.908752
14.640182
15.37161
16.091429
16.822857
17.542675
18.274103
18.993923
19.713741
20.44517
21.176598
21.908028
22.639456
23.359274
24.090702
24.82213
25.55356
26.273378
26.993196
27.724625
28.444445
29.164263
29.89569
30.62712
31.34694
32.066757
32.809795
33.541225
34.261044
34.98086
35.712288
36.443718
37.175148
37.906574
38.638004
39.36943
40.089252
40.82068
41.55211
42.271927
43.003357
43.723175
44.4546
45.18603
45.90585
46.625668
47.357098
48.088524
48.819954
49.551384
50.271202
50.99102
51.722446
52.453876
53.185307
53.905125
54.63655
55.36798
